Nodal Displacements: 
Node    u1       u2 
0   0.0863  -0.0121
1   0.0779  -0.0184
2   0.0653  -0.0243
3   0.0499  -0.0273
4   0.0346  -0.0242
5   0.0222  -0.0182
6   0.0136  -0.0119
7   0.0103  -0.0063
8   0.0137  -0.0006
9   0.0221   0.0057
10   0.0347   0.0116
11   0.0501   0.0146
12   0.0654   0.0115
13   0.0778   0.0055
14   0.0864  -0.0008
15   0.0897  -0.0064
16   0.1000  -0.0127
17   0.0000  -0.0126
18  -0.0000  -0.0000
19   0.1000  -0.0001
20   0.0934  -0.0128
21   0.0865  -0.0140
22   0.0789  -0.0165
23   0.0710  -0.0202
24   0.0632  -0.0251
25   0.0567  -0.0302
26   0.0519  -0.0337
27   0.0481  -0.0336
28   0.0433  -0.0301
29   0.0368  -0.0250
30   0.0290  -0.0201
31   0.0211  -0.0163
32   0.0136  -0.0139
33   0.0066  -0.0126
34  -0.0000  -0.0098
35   0.0000  -0.0078
36  -0.0000  -0.0067
37   0.0000  -0.0063
38  -0.0000  -0.0063
39   0.0000  -0.0062
40  -0.0000  -0.0058
41   0.0000  -0.0047
42   0.0000  -0.0028
43   0.0066   0.0001
44   0.0135   0.0013
45   0.0211   0.0038
46   0.0290   0.0075
47   0.0368   0.0124
48   0.0433   0.0175
49   0.0481   0.0210
50   0.0519   0.0209
51   0.0567   0.0174
52   0.0632   0.0123
53   0.0710   0.0074
54   0.0789   0.0036
55   0.0864   0.0012
56   0.0934  -0.0001
57   0.1000  -0.0029
58   0.1000  -0.0049
59   0.1000  -0.0060
60   0.1000  -0.0064
61   0.1000  -0.0064
62   0.1000  -0.0065
63   0.1000  -0.0069
64   0.1000  -0.0080
65   0.1000  -0.0098
66   0.0964  -0.0053
67   0.0852  -0.0005
68   0.0714   0.0065
69   0.0566   0.0165
70   0.0220   0.0028
71   0.0149  -0.0003
72   0.0080  -0.0020
73   0.0029  -0.0060
74   0.0028  -0.0065
75   0.0037  -0.0074
76   0.0148  -0.0122
77   0.0285  -0.0191
78   0.0434  -0.0292
79   0.0812  -0.0125
80   0.0779  -0.0155
81   0.0971  -0.0067
82   0.0975  -0.0064
83   0.0972  -0.0062
84   0.0901  -0.0054
85   0.0188  -0.0002
86   0.0710  -0.0197
87   0.0693  -0.0212
88   0.0637  -0.0250
89   0.0564  -0.0293
90   0.0568  -0.0301
91   0.0500  -0.0325
92   0.0433  -0.0301
93   0.0301  -0.0205
94   0.0369  -0.0253
95   0.0176  -0.0116
96   0.0215  -0.0150
97   0.0048  -0.0092
98   0.0099  -0.0073
99   0.0025  -0.0063
100   0.0025  -0.0063
101   0.0101  -0.0052
102   0.0037  -0.0053
103   0.0290   0.0070
104   0.0307   0.0085
105   0.0363   0.0123
106   0.0436   0.0166
107   0.0432   0.0174
108   0.0500   0.0198
109   0.0567   0.0174
110   0.0699   0.0078
111   0.0631   0.0127
112   0.0824  -0.0011
113   0.0785   0.0023
114   0.0952  -0.0035
115   0.0975  -0.0064
116   0.0899  -0.0075
117   0.0851  -0.0124
118   0.0963  -0.0074
119   0.0920  -0.0107
120   0.0902  -0.0016
121   0.0098  -0.0111
122   0.0119  -0.0081
123   0.0934  -0.0073
124   0.0917  -0.0064
125   0.0935  -0.0055
126   0.0725  -0.0183
127   0.0372  -0.0256
128   0.0206  -0.0139
129   0.0091  -0.0090
130   0.0052  -0.0061
131   0.0065  -0.0054
132   0.0274   0.0056
133   0.0628   0.0129
134   0.0909  -0.0037
135   0.0877  -0.0084
136   0.0840  -0.0116
137   0.0910  -0.0090
138   0.0881  -0.0046
139   0.0761   0.0029
140   0.0224   0.0024
141   0.0160  -0.0011
142   0.0041  -0.0039
143   0.0065  -0.0072
144   0.0238  -0.0156
145   0.0948  -0.0063
146   0.0776  -0.0151
147   0.0636  -0.0250
148   0.0151  -0.0109
149   0.0052  -0.0064
150   0.0047  -0.0063
151   0.0123  -0.0043
152   0.0083  -0.0063
153   0.0090  -0.0037
154   0.0364   0.0123
155   0.0793   0.0012
156   0.0849  -0.0018
157   0.0953  -0.0064
158   0.0948  -0.0066
159   0.0959  -0.0088
160   0.0850  -0.0028
161   0.0068  -0.0062
162   0.0931  -0.0065
163   0.0823  -0.0117
164   0.0911  -0.0056
165   0.0177  -0.0010
166   0.0314  -0.0211
167   0.0150  -0.0099
168   0.0108  -0.0085
169   0.0083  -0.0056
170   0.0686   0.0084
171   0.0886  -0.0087
172   0.0910  -0.0059
173   0.0911  -0.0070
174   0.0114  -0.0041
175   0.0089  -0.0071
176   0.0069  -0.0064
177   0.0089  -0.0058
178   0.0090  -0.0068
179   0.0892  -0.0041
180   0.0931  -0.0063
181   0.0917  -0.0071

 Strains and Stresses 
 Element   e_11      e_22     e_12      s_11       s_22      s_12
0    0.0103   -0.0027   -0.0002    1.2309    0.2314   -0.0117
1    0.0121   -0.0042    0.0011    1.3868    0.1279    0.0871
2    0.0178   -0.0079   -0.0000    1.9433   -0.0320   -0.0029
3    0.0165   -0.0047   -0.0003    1.9513    0.3241   -0.0251
4    0.0194   -0.0088    0.0010    2.0974   -0.0703    0.0782
5    0.0171   -0.0074   -0.0005    1.8715   -0.0116   -0.0358
6    0.0153   -0.0066   -0.0011    1.6816   -0.0049   -0.0823
7    0.0102   -0.0028   -0.0001    1.2157    0.2126   -0.0041
8    0.0072   -0.0001    0.0000    0.9610    0.3994    0.0033
9    0.0151   -0.0061    0.0004    1.6760    0.0494    0.0328
10    0.0092   -0.0020    0.0012    1.1244    0.2575    0.0935
11    0.0096   -0.0064    0.0057    0.9209   -0.3138    0.4419
12    0.0178   -0.0079   -0.0000    1.9425   -0.0327   -0.0023
13    0.0165   -0.0047   -0.0003    1.9512    0.3242   -0.0251
14    0.0120   -0.0040   -0.0010    1.3861    0.1509   -0.0741
15    0.0180   -0.0079    0.0002    1.9703   -0.0229    0.0177
16    0.0009   -0.0041   -0.0001   -0.1092   -0.4925   -0.0111
17    0.0077   -0.0006   -0.0007    1.0065    0.3689   -0.0537
18    0.0051   -0.0041   -0.0003    0.4561   -0.2501   -0.0266
19    0.0113   -0.0057    0.0043    1.1895   -0.1135    0.3285
20    0.0082   -0.0010    0.0000    1.0465    0.3376    0.0024
21    0.0198   -0.0087   -0.0001    2.1609   -0.0276   -0.0085
22    0.0195   -0.0090    0.0031    2.1043   -0.0818    0.2374
23    0.0185   -0.0098   -0.0008    1.9312   -0.2481   -0.0600
24    0.0175   -0.0073    0.0030    1.9404    0.0324    0.2336
25    0.0377   -0.0120   -0.0068    4.3831    0.5580   -0.5197
26    0.0210   -0.0076    0.0059    2.3813    0.1823    0.4506
27    0.0164   -0.0067    0.0020    1.8201    0.0465    0.1559
28    0.0174   -0.0092    0.0001    1.8166   -0.2322    0.0101
29    0.0204   -0.0073   -0.0059    2.3227    0.1932   -0.4532
30    0.0184   -0.0081   -0.0020    2.0076   -0.0303   -0.1515
31    0.0169   -0.0077    0.0015    1.8311   -0.0609    0.1137
32    0.0169   -0.0075    0.0007    1.8445   -0.0319    0.0535
33    0.0116   -0.0042    0.0015    1.3153    0.0969    0.1174
34    0.0121   -0.0042    0.0011    1.3864    0.1276    0.0878
35    0.0164   -0.0071   -0.0001    1.8016   -0.0042   -0.0042
36    0.0045   -0.0052    0.0043    0.3096   -0.4395    0.3289
37    0.0077   -0.0006    0.0007    1.0031    0.3671    0.0507
38    0.0077   -0.0006   -0.0007    1.0065    0.3687   -0.0532
39    0.0058   -0.0004   -0.0009    0.7634    0.2856   -0.0701
40    0.0092   -0.0020   -0.0013    1.1287    0.2681   -0.1024
41    0.0084   -0.0017   -0.0021    1.0378    0.2623   -0.1648
42    0.0121   -0.0067   -0.0048    1.2365   -0.2054   -0.3726
43    0.0164   -0.0071    0.0002    1.7977   -0.0120    0.0120
44    0.0195   -0.0089    0.0031    2.1034   -0.0820    0.2370
45    0.0185   -0.0098   -0.0008    1.9307   -0.2485   -0.0600
46    0.0175   -0.0073    0.0030    1.9405    0.0324    0.2337
47    0.0377   -0.0120   -0.0068    4.3829    0.5580   -0.5196
48    0.0210   -0.0076    0.0059    2.3812    0.1820    0.4506
49    0.0164   -0.0067    0.0020    1.8201    0.0464    0.1559
50    0.0174   -0.0092    0.0001    1.8171   -0.2321    0.0097
51    0.0204   -0.0073   -0.0059    2.3235    0.1936   -0.4528
52    0.0184   -0.0081   -0.0020    2.0073   -0.0308   -0.1518
53    0.0112   -0.0045    0.0031    1.2437    0.0372    0.2374
54    0.0169   -0.0075    0.0007    1.8451   -0.0316    0.0531
55    0.0116   -0.0042    0.0015    1.3159    0.0972    0.1169
56    0.0107   -0.0038    0.0031    1.2260    0.1057    0.2349
57    0.0164   -0.0071   -0.0001    1.8014   -0.0041   -0.0041
58    0.0072   -0.0000   -0.0000    0.9652    0.4084   -0.0002
59    0.0058   -0.0004   -0.0009    0.7638    0.2857   -0.0700
60    0.0126   -0.0059   -0.0028    1.3544   -0.0676   -0.2191
61    0.0171   -0.0074   -0.0005    1.8702   -0.0118   -0.0355
62    0.0172   -0.0087   -0.0004    1.8165   -0.1770   -0.0336
63    0.0153   -0.0066   -0.0011    1.6813   -0.0048   -0.0829
64    0.0135   -0.0059   -0.0021    1.4842   -0.0076   -0.1623
65    0.0164   -0.0071    0.0002    1.7978   -0.0120    0.0120
66    0.0053   -0.0016    0.0031    0.6242    0.0964    0.2398
67    0.0150   -0.0061    0.0004    1.6749    0.0493    0.0332
68    0.0122   -0.0073    0.0058    1.2153   -0.2836    0.4471
69    0.0189   -0.0081    0.0007    2.0702   -0.0048    0.0529
70    0.0195   -0.0101   -0.0004    2.0488   -0.2283   -0.0312
71    0.0194   -0.0088   -0.0010    2.1013   -0.0680   -0.0747
72    0.0375   -0.0118    0.0071    4.3665    0.5723    0.5458
73    0.0242   -0.0068    0.0001    2.8651    0.4836    0.0084
74    0.0171   -0.0084   -0.0003    1.8209   -0.1447   -0.0218
75    0.0086   -0.0036   -0.0039    0.9501    0.0110   -0.2998
76    0.0144   -0.0056   -0.0014    1.6128    0.0705   -0.1061
77    0.0189   -0.0080   -0.0005    2.0800    0.0068   -0.0352
78    0.0144   -0.0062   -0.0009    1.5858   -0.0035   -0.0693
79    0.0174   -0.0070   -0.0002    1.9414    0.0587   -0.0140
80    0.0009   -0.0040   -0.0002   -0.1051   -0.4885   -0.0118
81    0.0083   -0.0011   -0.0001    1.0499    0.3331   -0.0051
82    0.0107   -0.0038    0.0031    1.2262    0.1057    0.2348
83    0.0082   -0.0010    0.0000    1.0464    0.3377    0.0023
84    0.0132   -0.0056    0.0027    1.4503    0.0024    0.2096
85    0.0103   -0.0027   -0.0002    1.2325    0.2313   -0.0124
86    0.0122   -0.0073    0.0058    1.2170   -0.2851    0.4471
87    0.0189   -0.0081    0.0007    2.0701   -0.0049    0.0531
88    0.0165   -0.0090    0.0019    1.7025   -0.2623    0.1451
89    0.0194   -0.0088   -0.0010    2.1017   -0.0679   -0.0751
90    0.0375   -0.0118    0.0071    4.3667    0.5728    0.5460
91    0.0242   -0.0068    0.0001    2.8652    0.4837    0.0083
92    0.0117   -0.0082   -0.0016    1.0994   -0.4345   -0.1257
93    0.0070   -0.0133    0.0005    0.1802   -1.3835    0.0407
94    0.0198   -0.0087   -0.0001    2.1609   -0.0276   -0.0090
95    0.0194   -0.0088    0.0010    2.0975   -0.0703    0.0778
96    0.0083   -0.0011   -0.0001    1.0501    0.3328   -0.0053
97    0.0102   -0.0028   -0.0001    1.2150    0.2121   -0.0046
98    0.0084   -0.0017    0.0022    1.0287    0.2496    0.1701
99    0.0072   -0.0001   -0.0000    0.9618    0.3994   -0.0028
100    0.0092   -0.0020    0.0012    1.1241    0.2584    0.0935
101    0.0077   -0.0006    0.0007    1.0031    0.3671    0.0505
102    0.0068   -0.0133   -0.0000    0.1533   -1.3942   -0.0032
103    0.0120   -0.0088    0.0029    1.1056   -0.4922    0.2229
104    0.0117   -0.0082   -0.0016    1.0997   -0.4344   -0.1256
105    0.0070   -0.0133    0.0005    0.1793   -1.3848    0.0377
106    0.0164   -0.0074    0.0021    1.7787   -0.0528    0.1598
107    0.0171   -0.0084   -0.0003    1.8219   -0.1444   -0.0207
108    0.0237   -0.0071   -0.0093    2.7733    0.4051   -0.7132
109    0.0126   -0.0070   -0.0073    1.2994   -0.2080   -0.5584
110    0.0185   -0.0080    0.0019    2.0311   -0.0056    0.1448
111    0.0230   -0.0099   -0.0005    2.5174   -0.0117   -0.0385
112    0.0213   -0.0091   -0.0032    2.3418    0.0047   -0.2433
113    0.0164   -0.0046    0.0003    1.9466    0.3268    0.0221
114    0.0120   -0.0049    0.0017    1.3247    0.0253    0.1344
115    0.0094   -0.0032   -0.0000    1.0878    0.1180   -0.0017
116    0.0164   -0.0067   -0.0021    1.8239    0.0493   -0.1639
117    0.0242   -0.0091   -0.0003    2.7328    0.1759   -0.0194
118    0.0120   -0.0049   -0.0019    1.3307    0.0298   -0.1434
119    0.0174   -0.0072   -0.0029    1.9220    0.0279   -0.2248
120    0.0232   -0.0072    0.0085    2.7118    0.3727    0.6568
121    0.0210   -0.0091    0.0029    2.3006   -0.0087    0.2219
122    0.0164   -0.0074   -0.0021    1.7863   -0.0438   -0.1652
123    0.0185   -0.0092   -0.0012    1.9607   -0.1676   -0.0946
124    0.0113   -0.0057    0.0043    1.1914   -0.1116    0.3273
125    0.0120   -0.0088    0.0029    1.1067   -0.4921    0.2230
126    0.0198   -0.0086    0.0000    2.1626   -0.0208    0.0026
127    0.0107   -0.0038    0.0025    1.2215    0.1098    0.1899
128    0.0142   -0.0061    0.0012    1.5628   -0.0050    0.0916
129    0.0134   -0.0049   -0.0005    1.5152    0.1093   -0.0370
130    0.0071   -0.0004    0.0008    0.9397    0.3594    0.0629
131    0.0068   -0.0133    0.0000    0.1534   -1.3936    0.0002
132    0.0072   -0.0000   -0.0000    0.9655    0.4088   -0.0003
133    0.0071   -0.0004   -0.0008    0.9406    0.3617   -0.0615
134    0.0072   -0.0001   -0.0000    0.9619    0.3993   -0.0029
135    0.0073   -0.0014   -0.0025    0.9067    0.2346   -0.1942
136    0.0049   -0.0055   -0.0049    0.3419   -0.4566   -0.3802
137    0.0053   -0.0016    0.0031    0.6252    0.0958    0.2418
138    0.0115   -0.0040   -0.0017    1.3164    0.1282   -0.1343
139    0.0135   -0.0059   -0.0021    1.4845   -0.0081   -0.1624
140    0.0180   -0.0079    0.0002    1.9703   -0.0225    0.0162
141    0.0164   -0.0074    0.0021    1.7787   -0.0530    0.1596
142    0.0237   -0.0071   -0.0093    2.7730    0.4047   -0.7131
143    0.0126   -0.0070   -0.0073    1.2999   -0.2081   -0.5586
144    0.0185   -0.0080    0.0019    2.0312   -0.0053    0.1442
145    0.0230   -0.0099   -0.0005    2.5171   -0.0116   -0.0385
146    0.0213   -0.0091   -0.0032    2.3417    0.0047   -0.2432
147    0.0164   -0.0046    0.0003    1.9465    0.3267    0.0220
148    0.0120   -0.0049    0.0017    1.3248    0.0253    0.1343
149    0.0094   -0.0032   -0.0000    1.0879    0.1180   -0.0017
150    0.0164   -0.0067   -0.0021    1.8240    0.0493   -0.1638
151    0.0242   -0.0091   -0.0003    2.7328    0.1758   -0.0195
152    0.0120   -0.0049   -0.0019    1.3306    0.0298   -0.1434
153    0.0174   -0.0072   -0.0029    1.9217    0.0279   -0.2248
154    0.0232   -0.0072    0.0085    2.7138    0.3756    0.6577
155    0.0210   -0.0091    0.0029    2.3013   -0.0091    0.2222
156    0.0164   -0.0074   -0.0022    1.7862   -0.0436   -0.1654
157    0.0185   -0.0092   -0.0012    1.9615   -0.1679   -0.0947
158    0.0165   -0.0090    0.0019    1.7047   -0.2615    0.1436
159    0.0045   -0.0052    0.0043    0.3077   -0.4399    0.3285
160    0.0198   -0.0086    0.0000    2.1629   -0.0210    0.0025
161    0.0154   -0.0073    0.0017    1.6532   -0.0908    0.1270
162    0.0142   -0.0061    0.0012    1.5635   -0.0044    0.0911
163    0.0134   -0.0049   -0.0005    1.5151    0.1085   -0.0372
164    0.0072   -0.0001    0.0000    0.9609    0.3993    0.0032
165    0.0071   -0.0004    0.0008    0.9398    0.3599    0.0623
166    0.0084   -0.0017   -0.0021    1.0381    0.2616   -0.1650
167    0.0049   -0.0055   -0.0050    0.3434   -0.4566   -0.3809
168    0.0124   -0.0052   -0.0022    1.3615    0.0077   -0.1729
169    0.0189   -0.0080   -0.0005    2.0803    0.0074   -0.0354
170    0.0092   -0.0020   -0.0013    1.1282    0.2677   -0.1026
171    0.0144   -0.0056   -0.0014    1.6131    0.0728   -0.1054
172    0.0144   -0.0062   -0.0009    1.5845   -0.0043   -0.0703
173    0.0174   -0.0070   -0.0002    1.9415    0.0595   -0.0136
174    0.0154   -0.0069    0.0010    1.6796   -0.0412    0.0780
175    0.0175   -0.0072    0.0009    1.9377    0.0343    0.0686
176    0.0154   -0.0069    0.0010    1.6795   -0.0411    0.0782
177    0.0175   -0.0072    0.0009    1.9376    0.0346    0.0684
178    0.0136   -0.0094    0.0061    1.2929   -0.4815    0.4715
179    0.0084   -0.0018    0.0022    1.0281    0.2483    0.1708
180    0.0133   -0.0062   -0.0038    1.4244   -0.0748   -0.2929
181    0.0090   -0.0020   -0.0011    1.1031    0.2572   -0.0872
182    0.0044   -0.0038    0.0066    0.3723   -0.2563    0.5114
183    0.0098   -0.0037   -0.0039    1.1085    0.0712   -0.3038
184    0.0091   -0.0020    0.0012    1.1034    0.2496    0.0918
185    0.0072   -0.0006    0.0008    0.9383    0.3393    0.0611
186    0.0157   -0.0091   -0.0037    1.5868   -0.3225   -0.2828
187    0.0185   -0.0095    0.0016    1.9442   -0.2081    0.1255
188    0.0228   -0.0103   -0.0008    2.4679   -0.0776   -0.0635
189    0.0174   -0.0074   -0.0032    1.9098    0.0006   -0.2448
190    0.0159   -0.0079    0.0012    1.6855   -0.1471    0.0939
191    0.0178   -0.0085    0.0000    1.9076   -0.1167    0.0006
192    0.0155   -0.0060    0.0014    1.7340    0.0785    0.1104
193    0.0091   -0.0020    0.0012    1.1049    0.2492    0.0926
194    0.0072   -0.0006   -0.0008    0.9357    0.3381   -0.0634
195    0.0090   -0.0020   -0.0012    1.1005    0.2563   -0.0887
196    0.0120   -0.0040   -0.0010    1.3855    0.1502   -0.0745
197    0.0162   -0.0074   -0.0009    1.7545   -0.0568   -0.0703
198    0.0153   -0.0102   -0.0049    1.4716   -0.4871   -0.3748
199    0.0185   -0.0095    0.0016    1.9440   -0.2084    0.1250
200    0.0228   -0.0103   -0.0008    2.4697   -0.0765   -0.0620
201    0.0174   -0.0074   -0.0032    1.9095    0.0009   -0.2451
202    0.0155   -0.0061    0.0014    1.7341    0.0781    0.1113
203    0.0132   -0.0056    0.0027    1.4494    0.0032    0.2097
204    0.0107   -0.0069   -0.0054    1.0464   -0.3054   -0.4145
205    0.0035   -0.0018   -0.0006    0.3683   -0.0409   -0.0484
206    0.0170   -0.0080   -0.0018    1.8257   -0.1019   -0.1404
207    0.0162   -0.0074   -0.0009    1.7547   -0.0582   -0.0704
208    0.0107   -0.0037   -0.0030    1.2234    0.1199   -0.2309
209    0.0153   -0.0063   -0.0018    1.6970    0.0352   -0.1416
210    0.0096   -0.0065    0.0058    0.9174   -0.3162    0.4435
211    0.0137   -0.0094    0.0061    1.2936   -0.4827    0.4713
212    0.0178   -0.0098    0.0017    1.8349   -0.2864    0.1331
213    0.0178   -0.0085    0.0000    1.9077   -0.1180    0.0003
214    0.0157   -0.0091   -0.0037    1.5889   -0.3208   -0.2817
215    0.0180   -0.0088   -0.0000    1.9187   -0.1434   -0.0038
216    0.0132   -0.0062   -0.0038    1.4239   -0.0732   -0.2928
217    0.0170   -0.0080   -0.0018    1.8277   -0.1003   -0.1382
218    0.0125   -0.0046    0.0003    1.4128    0.0993    0.0229
219    0.0124   -0.0052   -0.0023    1.3631    0.0073   -0.1743
220    0.0072   -0.0006    0.0008    0.9391    0.3396    0.0609
221    0.0112   -0.0045    0.0031    1.2447    0.0363    0.2378
222    0.0178   -0.0098    0.0017    1.8339   -0.2871    0.1329
223    0.0195   -0.0101   -0.0004    2.0481   -0.2291   -0.0315
224    0.0066   -0.0000    0.0000    0.8807    0.3722    0.0002
225    0.0074   -0.0015    0.0027    0.9053    0.2184    0.2063
226    0.0180   -0.0088   -0.0000    1.9184   -0.1443   -0.0033
227    0.0153   -0.0102   -0.0049    1.4741   -0.4866   -0.3735
228    0.0185   -0.0099   -0.0007    1.9231   -0.2618   -0.0530
229    0.0175   -0.0079    0.0026    1.9017   -0.0582    0.2035
230    0.0154   -0.0073    0.0017    1.6509   -0.0911    0.1288
231    0.0133   -0.0059    0.0027    1.4478   -0.0309    0.2046
232    0.0066   -0.0000    0.0000    0.8805    0.3723    0.0001
233    0.0096   -0.0042    0.0047    1.0482   -0.0113    0.3620
234    0.0043   -0.0005    0.0000    0.5531    0.1792    0.0023
235    0.0064   -0.0005    0.0000    0.8330    0.2989    0.0022
236    0.0107   -0.0069   -0.0054    1.0447   -0.3058   -0.4152
237    0.0035   -0.0018   -0.0006    0.3695   -0.0395   -0.0466
238    0.0051   -0.0040   -0.0003    0.4556   -0.2482   -0.0260
239    0.0044   -0.0038    0.0066    0.3758   -0.2555    0.5113
240    0.0107   -0.0037   -0.0030    1.2252    0.1218   -0.2293
241    0.0153   -0.0063   -0.0018    1.6978    0.0365   -0.1405
242    0.0185   -0.0099   -0.0007    1.9227   -0.2619   -0.0530
243    0.0175   -0.0079    0.0026    1.9017   -0.0585    0.2031
244    0.0169   -0.0077    0.0015    1.8307   -0.0628    0.1156
245    0.0159   -0.0079    0.0012    1.6872   -0.1490    0.0935
246    0.0133   -0.0059    0.0026    1.4490   -0.0302    0.2033
247    0.0107   -0.0038    0.0025    1.2203    0.1096    0.1905
248    0.0071   -0.0004   -0.0008    0.9401    0.3614   -0.0614
249    0.0043   -0.0005    0.0000    0.5518    0.1780    0.0007
250    0.0072   -0.0006   -0.0008    0.9346    0.3379   -0.0637
251    0.0053   -0.0014   -0.0028    0.6381    0.1184   -0.2116
252    0.0115   -0.0040   -0.0018    1.3172    0.1285   -0.1347
253    0.0125   -0.0046    0.0003    1.4112    0.0989    0.0232
254    0.0108   -0.0056    0.0026    1.1252   -0.1384    0.1967
255    0.0153   -0.0084    0.0032    1.5688   -0.2516    0.2475
256    0.0075   -0.0017   -0.0023    0.9116    0.2075   -0.1773
257    0.0053   -0.0014   -0.0028    0.6377    0.1188   -0.2116
258    0.0073   -0.0014   -0.0026    0.9042    0.2328   -0.1962
259    0.0059   -0.0016    0.0018    0.7015    0.1277    0.1413
260    0.0112   -0.0062   -0.0030    1.1577   -0.1815   -0.2323
261    0.0121   -0.0067   -0.0048    1.2377   -0.2061   -0.3727
262    0.0088   -0.0052    0.0060    0.8859   -0.1899    0.4622
263    0.0076   -0.0017    0.0023    0.9286    0.2066    0.1758
264    0.0172   -0.0087   -0.0004    1.8158   -0.1757   -0.0338
265    0.0112   -0.0062   -0.0030    1.1577   -0.1799   -0.2321
266    0.0199   -0.0089   -0.0038    2.1622   -0.0461   -0.2889
267    0.0184   -0.0095   -0.0016    1.9265   -0.2153   -0.1246
268    0.0108   -0.0057    0.0026    1.1272   -0.1385    0.1968
269    0.0152   -0.0084    0.0032    1.5680   -0.2502    0.2473
270    0.0132   -0.0056    0.0032    1.4583    0.0072    0.2486
271    0.0077   -0.0018    0.0023    0.9302    0.2062    0.1764
272    0.0098   -0.0037   -0.0039    1.1068    0.0725   -0.3035
273    0.0084   -0.0034   -0.0046    0.9331    0.0238   -0.3529
274    0.0199   -0.0089   -0.0038    2.1627   -0.0462   -0.2893
275    0.0184   -0.0095   -0.0016    1.9267   -0.2150   -0.1251
276    0.0084   -0.0035   -0.0046    0.9321    0.0195   -0.3557
277    0.0103   -0.0036   -0.0025    1.1824    0.1074   -0.1901
278    0.0031   -0.0016    0.0005    0.3205   -0.0416    0.0408
279    0.0086   -0.0034    0.0035    0.9597    0.0402    0.2656
280    0.0046   -0.0036   -0.0066    0.4081   -0.2242   -0.5060
281    0.0058   -0.0017   -0.0020    0.6854    0.1089   -0.1549
282    0.0103   -0.0036   -0.0025    1.1799    0.1074   -0.1907
283    0.0126   -0.0059   -0.0028    1.3537   -0.0672   -0.2187
284    0.0074   -0.0016    0.0027    0.9063    0.2180    0.2074
285    0.0088   -0.0052    0.0060    0.8895   -0.1883    0.4603
286    0.0058   -0.0004    0.0010    0.7615    0.2825    0.0769
287    0.0059   -0.0016    0.0019    0.7032    0.1295    0.1425
288    0.0046   -0.0036   -0.0065    0.4060   -0.2211   -0.5031
289    0.0058   -0.0017   -0.0020    0.6856    0.1100   -0.1533
290    0.0031   -0.0016    0.0006    0.3207   -0.0402    0.0438
291    0.0086   -0.0034    0.0035    0.9618    0.0406    0.2660
292    0.0132   -0.0056    0.0032    1.4589    0.0071    0.2488
293    0.0096   -0.0042    0.0047    1.0464   -0.0124    0.3627
294    0.0058   -0.0004    0.0010    0.7608    0.2827    0.0761
295    0.0064   -0.0005    0.0000    0.8318    0.2977    0.0015
296    0.0075   -0.0017   -0.0023    0.9101    0.2060   -0.1788
297    0.0086   -0.0036   -0.0039    0.9520    0.0099   -0.2994
